S1,40,25,53.21038,-86,55,2.79756,156.792,507002.424,4475648.713,156.792,0.024,0.007,0.019
S2,40,25,45.68567,-86,55,5.07228,155.793,506949.044,4475416.655,155.793,0.004,0.002,0.016
S4,40,25,37.93595,-86,55,4.93247,154.971,506952.560,4475177.711,154.971,0.005,0.016,0.005
S5,40,25,34.68886,-86,55,4.99285,154.527,506951.230,4475077.593,154.527,0.008,0.008,0.031
S7,40,25,37.67587,-86,55,2.31162,169.886,507014.322,4475169.750,169.886,0.006,0.009,0.018
S8,40,25,37.63912,-86,55,0.43435,168.266,507058.556,4475168.658,168.266,0.004,0.006,0.008
S9,40,25,36.57165,-86,55,3.95791,168.296,506975.562,4475135.667,168.296,0.010,0.003,0.006
S11,40,25,36.54111,-86,55,2.06504,169.906,507020.164,4475134.767,169.906,0.011,0.009,0.001
S12,40,25,36.28683,-86,55,0.49719,168.303,507057.115,4475126.962,168.303,0.002,0.004,0.008
S13,40,25,35.30979,-86,55,1.80342,170.168,507026.365,4475096.808,170.168,0.002,0.007,0.010
S14,40,25,18.54015,-86,55,7.59694,154.932,506890.328,4474579.625,154.932,0.017,0.014,0.034
S15,40,25,24.61068,-86,55,10.59253,155.776,506819.568,4474766.732,155.776,0.007,0.013,0.001
S16,40,25,26.63168,-86,55,9.30614,156.091,506849.823,4474829.073,156.091,0.014,0.004,0.011
S17,40,25,26.39065,-86,55,4.69207,155.511,506958.555,4474821.741,155.511,0.014,0.018,0.023
S18,40,25,27.24415,-86,55,2.08910,155.878,507019.866,4474848.115,155.878,0.002,0.013,0.010
S25,40,25,42.72779,-86,54,54.17372,156.161,507205.922,4475325.697,156.161,0.011,0.016,0.024
S26,40,25,42.77040,-86,54,47.20881,156.309,507370.029,4475327.171,156.309,0.023,0.031,0.045
S27,40,25,45.85176,-86,54,48.06649,156.484,507349.727,4475422.158,156.484,0.005,0.017,0.020
S28,40,25,44.89799,-86,54,42.58496,156.289,507478.911,4475392.878,156.289,0.011,0.012,0.011
S29,40,25,37.09262,-86,54,49.77028,156.021,507309.846,4475152.049,156.021,0.002,0.005,0.005
S30,40,25,47.68492,-86,54,43.77573,172.037,507450.769,4475478.779,172.037,0.003,0.022,0.004
S31,40,25,48.38240,-86,54,42.63295,172.038,507477.674,4475500.312,172.038,0.005,0.004,0.010
S32,40,25,47.78135,-86,54,39.70283,173.700,507546.730,4475481.849,173.700,0.000,0.005,0.003
S33,40,25,47.78101,-86,54,37.99738,172.030,507586.914,4475481.879,172.030,0.001,0.001,0.008
S34,40,25,46.65587,-86,54,40.01203,173.580,507539.480,4475447.140,173.580,0.020,0.002,0.014
S35,40,25,46.65616,-86,54,37.99628,172.025,507586.975,4475447.196,172.025,0.015,0.013,0.002
S36,40,25,45.44343,-86,54,41.70720,169.014,507499.576,4475409.716,169.014,0.000,0.002,0.008
S38,40,25,45.44445,-86,54,38.00817,169.015,507586.732,4475409.836,169.015,0.001,0.003,0.008
S39,40,25,33.66774,-86,54,40.17582,153.828,507536.024,4475046.674,153.828,0.001,0.012,0.028
S40,40,25,32.00761,-86,54,41.64759,154.258,507501.396,4474995.452,154.258,0.013,0.039,0.027
S41,40,25,33.35779,-86,54,45.88566,154.420,507401.492,4475036.983,154.420,0.015,0.001,0.006
S42,40,25,32.95391,-86,54,48.57290,154.792,507338.185,4475024.468,154.792,0.011,0.010,0.003
S43,40,25,30.10587,-86,54,49.81349,154.822,507309.038,4474936.626,154.822,0.009,0.008,0.013
S46,40,25,30.92550,-86,54,35.06133,172.848,507656.623,4474962.245,172.848,0.018,0.035,0.002
S48,40,25,30.63156,-86,54,34.34050,172.812,507673.617,4474953.199,172.812,0.027,0.022,0.002
S49,40,25,26.99751,-86,54,43.57135,153.951,507456.219,4474840.931,153.951,0.016,0.010,0.029
S50,40,25,26.98921,-86,54,39.68330,153.725,507547.836,4474840.767,153.725,0.016,0.007,0.015
S51,40,25,26.17371,-86,54,42.22880,153.854,507487.880,4474815.563,153.854,0.002,0.007,0.000
S52,40,25,26.35915,-86,54,54.22370,155.458,507205.230,4474821.003,155.458,0.002,0.016,0.002
S53,40,25,20.89869,-86,54,55.18735,154.678,507182.684,4474652.620,154.678,0.008,0.003,0.005
S54,40,25,20.08056,-86,54,49.18190,153.904,507324.223,4474627.531,153.904,0.000,0.005,0.003
S55,40,25,23.72348,-86,54,48.67312,168.426,507336.102,4474739.865,168.426,0.001,0.002,0.002
S56,40,25,23.67425,-86,54,46.51586,169.903,507386.937,4474738.397,169.903,0.015,0.018,0.001
S58,40,25,22.50702,-86,54,44.71141,168.371,507429.492,4474702.450,168.371,0.008,0.004,0.000
S60,40,25,22.59668,-86,54,48.71613,168.401,507335.122,4474705.121,168.401,0.009,0.012,0.014
S61,40,25,23.88394,-86,54,36.69122,171.944,507618.438,4474745.094,171.944,0.023,0.002,0.006
S63,40,25,22.62214,-86,54,36.67244,173.783,507618.920,4474706.190,173.783,0.010,0.053,0.050
S64,40,25,21.92351,-86,54,35.19353,173.709,507653.791,4474684.684,173.709,0.004,0.005,0.017
S66,40,25,20.41967,-86,54,35.17062,172.055,507654.378,4474638.317,172.055,0.001,0.002,0.008
S68,40,25,12.82303,-86,54,46.77750,151.455,507381.101,4474403.817,151.455,0.005,0.002,0.001
S69,40,25,13.56722,-86,54,49.32740,152.232,507320.990,4474426.703,152.232,0.000,0.001,0.013
S70,40,25,12.78406,-86,54,53.76460,153.369,507216.451,4474402.455,153.369,0.012,0.003,0.008
S71,40,24,59.38911,-86,55,48.10682,155.758,505936.201,4473988.327,155.758,0.004,0.001,0.001
S72,40,24,59.06159,-86,55,48.10317,155.785,505936.295,4473978.228,155.785,0.016,0.010,0.006
S73,40,24,59.47528,-86,55,49.52211,155.306,505902.846,4473990.957,155.306,0.020,0.012,0.005
S74,40,24,59.05502,-86,55,49.51853,155.306,505902.940,4473978.000,155.306,0.010,0.025,0.013
S75,40,24,59.28000,-86,55,50.19248,158.946,505887.052,4473984.924,158.946,0.009,0.010,0.007
S76,40,24,58.46391,-86,55,50.13602,163.492,505888.402,4473959.762,163.492,0.006,0.002,0.004
S77,40,24,57.65588,-86,55,50.18035,158.872,505887.377,4473934.848,158.872,0.024,0.013,0.011
S78,40,24,57.64457,-86,55,52.77008,158.819,505826.347,4473934.451,158.819,0.005,0.010,0.003
S79,40,24,58.45624,-86,55,52.82892,163.460,505824.941,4473959.476,163.460,0.000,0.010,0.010
S80,40,24,59.26976,-86,55,52.78407,158.921,505825.978,4473984.560,158.921,0.007,0.015,0.019
S81,40,24,59.48216,-86,55,51.53224,157.287,505855.474,4473991.132,157.287,0.000,0.005,0.028
S82,40,24,59.48427,-86,55,51.10160,157.305,505865.623,4473991.205,157.305,0.002,0.003,0.010
S84,40,25,32.93123,-86,54,58.95691,173.637,507093.506,4475023.533,173.637,0.005,0.007,0.008
S85,40,25,32.93322,-86,54,58.56634,173.676,507102.709,4475023.603,173.676,0.001,0.003,0.025
S88,40,25,32.65282,-86,54,58.97195,186.720,507093.160,4475014.949,186.720,0.000,0.012,0.026
S90,40,25,32.54129,-86,54,58.93604,188.477,507094.009,4475011.511,188.477,0.012,0.027,0.014
S91,40,25,32.54362,-86,54,58.19717,188.444,507111.419,4475011.599,188.444,0.005,0.011,0.021
S93,40,25,32.02797,-86,54,58.15776,186.745,507112.363,4474995.701,186.745,0.022,0.008,0.022
S94,40,25,31.15364,-86,54,58.94642,173.622,507093.805,4474968.725,173.622,0.000,0.012,0.012
S98,40,25,32.65765,-86,54,56.61437,187.345,507148.711,4475015.150,187.345,0.006,0.016,0.004
S101,40,25,32.43580,-86,54,56.18986,187.314,507158.721,4475008.320,187.314,0.000,0.001,0.019
S105,40,25,33.59944,-86,54,56.27314,191.916,507156.724,4475044.196,191.916,0.001,0.006,0.036
S108,40,25,33.54372,-86,54,57.07914,193.385,507137.596,4475042.639,193.385,0.057,0.008,0.019
S109,40,25,34.93756,-86,54,56.36565,193.389,507154.505,4475085.452,193.389,0.052,0.088,0.018
S110,40,25,34.94154,-86,54,57.06500,193.399,507138.026,4475085.559,193.399,0.082,0.098,0.010
S112,40,25,34.88333,-86,54,57.17232,191.895,507135.499,4475083.762,191.895,0.085,0.105,0.050
S131,40,25,28.08547,-86,54,46.08020,160.566,507397.068,4474874.418,160.566,0.004,0.004,0.004
S132,40,25,28.51721,-86,54,44.99795,160.572,507422.557,4474887.755,160.572,0.002,0.001,0.005
S134,40,25,29.05565,-86,54,44.16972,171.134,507442.056,4474904.376,171.134,0.002,0.003,0.004
S136,40,25,29.61889,-86,54,43.07590,171.093,507467.813,4474921.768,171.093,0.007,0.010,0.004
S137,40,25,29.75899,-86,54,44.91997,171.763,507424.356,4474926.044,171.763,0.003,0.002,0.008
S138,40,25,30.72240,-86,54,45.11880,171.104,507419.642,4474955.744,171.104,0.000,0.011,0.005
S139,40,25,30.49674,-86,54,45.83374,171.128,507402.802,4474948.770,171.128,0.007,0.005,0.005
S142,40,25,31.77004,-86,54,46.47431,178.608,507387.670,4474988.014,178.608,0.001,0.012,0.002
S143,40,25,31.76741,-86,54,47.08141,178.624,507373.365,4474987.919,178.624,0.012,0.002,0.002
S144,40,25,30.64029,-86,54,46.46581,178.615,507387.904,4474953.181,178.615,0.008,0.001,0.004
S145,40,25,30.63795,-86,54,47.07297,178.608,507373.598,4474953.095,178.608,0.002,0.002,0.002
S146,40,25,31.45855,-86,54,48.38761,171.095,507342.596,4474978.366,171.095,0.002,0.006,0.005
S147,40,25,30.77970,-86,54,48.38314,171.091,507342.722,4474957.435,171.091,0.008,0.006,0.004
S148,40,25,29.65246,-86,54,47.65936,171.091,507359.810,4474922.696,171.091,0.002,0.001,0.005
S149,40,25,29.65420,-86,54,47.07933,171.117,507373.478,4474922.763,171.117,0.003,0.002,0.007
S150,40,25,28.94074,-86,54,47.07403,171.097,507373.624,4474900.765,171.097,0.001,0.006,0.006
S152,40,25,28.83346,-86,54,48.42856,164.697,507341.710,4474897.426,164.697,0.000,0.001,0.005
S153,40,25,29.75178,-86,54,46.39890,175.159,507389.508,4474925.787,175.159,0.002,0.008,0.010
S154,40,25,29.75688,-86,54,45.21151,175.143,507417.487,4474925.972,175.143,0.003,0.004,0.004
S156,40,25,29.51138,-86,54,46.39645,175.171,507389.573,4474918.375,175.171,0.003,0.002,0.010
S170,40,25,50.43227,-86,54,54.44528,175.597,507199.295,4475563.243,175.597,0.002,0.002,0.004
S172,40,25,49.31697,-86,54,54.97696,175.592,507186.801,4475528.843,175.592,0.016,0.007,0.011
S173,40,25,47.21814,-86,54,52.73394,175.539,507239.713,4475464.180,175.539,0.003,0.016,0.002
S175,40,25,48.47301,-86,54,51.45915,175.564,507269.711,4475502.901,175.564,0.006,0.004,0.002
S177,40,25,48.77653,-86,54,53.64547,175.775,507218.189,4475512.209,175.775,0.011,0.004,0.013
S178,40,25,49.35555,-86,54,52.74050,177.329,507239.495,4475530.083,177.329,0.007,0.006,0.010
S179,40,25,49.79989,-86,54,53.21542,177.351,507228.291,4475543.772,177.351,0.004,0.008,0.011
S180,40,25,50.00633,-86,54,52.88674,177.316,507236.030,4475550.145,177.316,0.006,0.003,0.009
S182,40,25,49.56951,-86,54,53.41856,181.593,507223.512,4475536.664,181.593,0.003,0.004,0.002
S183,40,25,49.36126,-86,54,53.75030,181.600,507215.702,4475530.236,181.600,0.011,0.001,0.001
S184,40,25,49.11602,-86,54,53.48805,181.592,507221.888,4475522.680,181.592,0.011,0.004,0.004
S185,40,25,49.41051,-86,54,53.24780,181.596,507227.540,4475531.766,181.596,0.004,0.001,0.007
S188,40,25,49.60918,-86,54,52.15048,164.340,507253.389,4475537.916,164.340,0.009,0.012,0.021
S189,40,25,49.21235,-86,54,51.72676,164.301,507263.384,4475525.691,164.301,0.008,0.015,0.001
S190,40,25,49.34847,-86,54,52.45793,167.232,507246.152,4475529.871,167.232,0.008,0.003,0.012
S191,40,25,49.10428,-86,54,52.19776,167.240,507252.290,4475522.348,167.240,0.012,0.013,0.003
S193,40,25,49.21447,-86,54,52.67020,167.238,507241.155,4475525.735,167.238,0.003,0.013,0.003
S194,40,25,39.97339,-86,54,45.23038,170.229,507416.731,4475240.977,170.229,0.000,0.001,0.002
S195,40,25,39.64108,-86,54,45.22975,170.209,507416.756,4475230.731,170.209,0.006,0.011,0.015
S196,40,25,39.63860,-86,54,45.64269,170.230,507407.026,4475230.644,170.230,0.002,0.003,0.006
S198,40,25,38.03666,-86,54,44.92428,170.204,507424.002,4475181.269,170.204,0.009,0.017,0.002
S199,40,25,38.36488,-86,54,44.92724,170.211,507423.922,4475191.389,170.211,0.000,0.001,0.006
S200,40,25,38.35842,-86,54,43.50943,170.223,507457.330,4475191.223,170.223,0.013,0.002,0.018
S201,40,25,39.96481,-86,54,43.52187,170.221,507456.988,4475240.752,170.221,0.005,0.006,0.001
S203,40,25,39.65021,-86,54,44.82336,174.782,507426.331,4475231.022,174.782,0.027,0.016,0.007
S205,40,25,38.66176,-86,54,44.34977,174.800,507437.520,4475200.556,174.800,0.004,0.002,0.001
S206,40,25,39.52894,-86,54,45.34646,173.906,507414.009,4475227.270,173.906,0.010,0.007,0.010
S207,40,25,39.29921,-86,54,45.34389,173.925,507414.077,4475220.187,173.925,0.007,0.008,0.005
SG96,40,25,30.60646,-86,54,57.00805,156.733,507139.495,4474951.897,156.733,0.001,0.007,0.004
SG113,40,25,34.49620,-86,54,55.62067,156.110,507172.072,4475071.861,156.110,0.002,0.002,0.007
SG159,40,25,32.57055,-86,54,48.64965,154.920,507336.388,4475012.646,154.920,0.004,0.001,0.009
SGC1,40,25,20.45114,-86,55,40.53483,156.284,506114.115,4474637.873,156.284,0.012,0.001,0.001
SGC2,40,25,22.78080,-86,55,37.21139,156.274,506192.371,4474709.767,156.274,0.011,0.014,0.003
SGC3,40,25,20.10750,-86,55,23.23486,155.068,506521.786,4474627.621,155.068,0.008,0.015,0.001
SGC4,40,25,14.72793,-86,55,24.04026,152.837,506502.951,4474461.737,152.837,0.016,0.003,0.035
SGC5,40,25,15.78176,-86,55,35.79240,153.877,506225.987,4474493.994,153.877,0.008,0.011,0.014
SGC10,40,25,15.30817,-86,55,29.27704,153.096,506379.532,4474479.521,153.096,0.008,0.012,0.021
SGC11,40,25,26.40766,-86,55,36.55862,162.539,506207.660,4474821.606,162.539,0.015,0.012,0.020
SGC12,40,25,26.40944,-86,55,36.07513,162.559,506219.053,4474821.671,162.559,0.016,0.013,0.020
SGC13,40,25,24.87212,-86,55,36.06277,162.584,506219.383,4474774.271,162.584,0.011,0.012,0.020
SGC14,40,25,24.87019,-86,55,36.54781,162.562,506207.954,4474774.202,162.562,0.010,0.011,0.020
SGC15,40,25,18.54172,-86,55,18.14222,153.746,506641.834,4474579.449,153.746,0.001,0.001,0.007
SGC16,40,25,26.67959,-86,55,18.60260,157.237,506630.763,4474830.353,157.237,0.019,0.017,0.007
SGC17,40,25,52.25806,-86,54,50.59270,157.991,507290.013,4475619.625,157.991,0.023,0.005,0.010
SGC19,40,25,53.28491,-86,54,54.89810,157.665,507188.542,4475651.188,157.665,0.005,0.000,0.001
SGC20,40,25,52.34763,-86,54,59.37844,157.135,507083.007,4475622.188,157.135,0.017,0.004,0.001
SGC21,40,25,49.51759,-86,54,56.35150,157.131,507154.409,4475534.997,157.131,0.010,0.002,0.011
SGC23,40,25,47.98540,-86,54,50.38410,156.586,507295.056,4475487.891,156.586,0.014,0.009,0.003
SGC25,40,25,44.57850,-86,54,50.50965,156.258,507292.200,4475382.843,156.258,0.008,0.018,0.022
SGC28,40,25,23.11996,-86,54,46.84815,169.985,507379.124,4474721.299,169.985,0.000,0.004,0.007
SGC29,40,25,23.11055,-86,54,46.53811,169.995,507386.430,4474721.016,169.995,0.002,0.003,0.004
SGC30,40,25,23.07590,-86,54,44.98851,168.393,507422.946,4474719.984,168.393,0.003,0.007,0.010
SGC31,40,25,23.15972,-86,54,48.69692,168.402,507335.558,4474722.482,168.402,0.003,0.010,0.012
SGC32,40,25,17.45034,-86,54,44.27255,151.961,507439.989,4474546.548,151.961,0.011,0.002,0.002
SGC34,40,25,33.20832,-86,54,36.95682,153.693,507611.887,4475032.585,153.693,0.003,0.005,0.009
SGC36,40,26,11.27313,-86,55,5.01493,169.579,506949.664,4476205.592,169.579,0.011,0.023,0.013
SGC37,40,26,8.88154,-86,55,8.62257,170.365,506864.738,4476131.774,170.365,0.002,0.006,0.002
SGC38,40,26,4.32468,-86,55,1.60998,167.335,507030.083,4475991.426,167.335,0.013,0.012,0.011
SGC39,40,25,58.91560,-86,55,13.25357,158.539,506755.910,4475824.396,158.539,0.009,0.024,0.009
SGC40,40,26,2.16453,-86,55,12.09312,163.886,506783.160,4475924.595,163.886,0.015,0.001,0.028
SGC41,40,26,1.48462,-86,55,15.10546,171.684,506712.207,4475903.567,171.684,0.004,0.014,0.022
SGC42,40,26,1.55383,-86,55,14.70102,171.656,506721.734,4475905.710,171.656,0.006,0.000,0.010
SGC44,40,26,2.39322,-86,55,15.36887,171.679,506705.976,4475931.576,171.679,0.009,0.008,0.041
SGC45,40,26,3.27202,-86,55,14.45266,165.547,506727.538,4475958.692,165.547,0.026,0.012,0.011
SGC46,40,26,9.33248,-86,55,13.88298,178.161,506740.792,4476145.566,178.161,0.005,0.004,0.007
SGC48,40,26,8.49911,-86,55,15.12249,184.586,506711.612,4476119.844,184.586,0.018,0.029,0.026
SGC49,40,26,8.88069,-86,55,14.01490,184.604,506737.696,4476131.633,184.604,0.006,0.006,0.013
SGC50,40,26,9.16874,-86,55,14.18509,184.622,506733.679,4476140.511,184.622,0.005,0.002,0.012
SGC51,40,26,7.96378,-86,55,18.97240,178.031,506620.925,4476103.258,178.031,0.003,0.005,0.007
SGC52,40,26,2.86411,-86,55,22.41961,173.662,506539.847,4475945.948,173.662,0.007,0.024,0.046
SGC53,40,25,53.42193,-86,55,13.43106,155.801,506751.881,4475655.006,155.801,0.016,0.008,0.019
SGC54,40,25,50.84836,-86,55,10.39457,156.408,506823.496,4475575.720,156.408,0.002,0.004,0.004
SGC55,40,25,42.28716,-86,55,11.21435,156.361,506804.421,4475311.736,156.361,0.005,0.006,0.000
SGC56,40,26,4.48334,-86,55,30.93358,165.213,506339.214,4475995.702,165.213,0.004,0.005,0.002
SGC57,40,26,1.61000,-86,55,31.35541,173.170,506329.350,4475907.100,173.170,0.001,0.012,0.013
SGC59,40,26,1.77689,-86,55,36.83601,162.361,506200.221,4475912.137,162.361,0.000,0.004,0.013
SGC60,40,25,57.89210,-86,55,23.23254,172.533,506520.827,4475792.630,172.533,0.005,0.026,0.010
SGC62,40,25,53.84706,-86,55,30.01022,163.887,506361.246,4475667.772,163.887,0.005,0.015,0.013
SGC63,40,25,46.75157,-86,55,23.65729,155.119,506511.118,4475449.126,155.119,0.003,0.018,0.001
SGC64,40,25,52.16554,-86,55,20.53922,155.426,506584.439,4475616.119,155.426,0.010,0.002,0.000
SGC65,40,25,52.78058,-86,55,45.57170,159.177,505994.628,4475634.587,159.177,0.010,0.003,0.002
SGC66,40,25,45.14973,-86,55,26.67494,154.763,506440.060,4475399.675,154.763,0.001,0.019,0.017
SGC67,40,25,38.92644,-86,55,28.69833,155.246,506392.548,4475207.752,155.246,0.014,0.001,0.004
SGC68,40,25,33.37485,-86,55,20.65572,157.280,506582.203,4475036.745,157.280,0.020,0.021,0.034
SGC69,40,25,39.73082,-86,55,8.52707,156.205,506867.811,4475232.974,156.205,0.004,0.002,0.004
SGC70,40,25,32.59048,-86,55,34.93943,154.920,506245.655,4475012.272,154.920,0.019,0.026,0.003
SGC71,40,25,27.68610,-86,55,43.80961,154.888,506036.768,4474860.885,154.888,0.011,0.027,0.014
SGC72,40,25,35.09356,-86,55,44.51587,154.509,506019.942,4475089.265,154.509,0.018,0.008,0.009
SGC73,40,25,38.33882,-86,55,39.73579,154.574,506132.493,4475189.417,154.574,0.005,0.003,0.010
SGC76,40,25,31.06417,-86,55,27.75838,156.675,506414.903,4474965.355,156.675,0.018,0.069,0.043
SGC85,40,25,49.28711,-86,54,53.44554,181.587,507222.885,4475527.957,181.587,0.013,0.002,0.009
SGC86,40,25,49.20009,-86,54,53.35376,181.586,507225.050,4475525.276,181.586,0.004,0.000,0.005
SGC87,40,25,47.78427,-86,54,41.97948,172.054,507493.089,4475481.885,172.054,0.009,0.007,0.005
SGC88,40,25,47.21787,-86,54,39.70215,173.418,507546.764,4475464.475,173.418,0.008,0.006,0.018
SGC90,40,25,47.21765,-86,54,40.01289,173.442,507539.442,4475464.461,173.442,0.020,0.000,0.001
SGC91,40,25,47.23131,-86,54,42.33306,171.342,507484.775,4475464.827,171.342,0.010,0.001,0.005
SGC92,40,25,46.65779,-86,54,42.67861,172.056,507476.651,4475447.136,172.056,0.008,0.007,0.002
SGC96,40,25,22.74929,-86,54,49.24142,153.933,507322.740,4474709.815,153.933,0.006,0.005,0.019
SGC97,40,25,48.44210,-86,54,37.80633,155.371,507591.395,4475502.267,155.371,0.013,0.021,0.001
N01,40,25,51.40591,-86,54,58.25887,157.508,507109.414,4475593.177,157.508,0.000,0.001,0.007